Example of sttl (and dsttl) 1      31
2      31
3      31
4      31
5      31
6      31
7       0
8      31
9      31
10      0
11      0
12      0
13     31
14     31
15     31
16     31
17     31
18     31
19     31
20    254
Name: sttl, dtype: int64 
Example of Stime (and Ltime) 1     1421927414
2     1421927414
3     1421927414
4     1421927414
5     1421927414
6     1421927414
7     1421927415
8     1421927415
9     1421927415
10    1421927415
11    1421927415
12    1421927415
13    1421927415
14    1421927415
15    1421927415
16    1421927415
17    1421927415
18    1421927415
19    1421927415
20    1421927415
Name: Stime, dtype: int64 
Example of Sintpkt (and Dintpkt) 1      7.005000
2      0.017000
3      0.043000
4      0.005000
5     21.003000
6      0.017000
7      0.000000
8      0.018000
9      0.018000
10     0.000000
11     0.000000
12     0.000000
13     0.018000
14     0.471000
15     0.458333
16     0.017000
17     1.348000
18     1.269667
19     0.018000
20     0.021000
Name: Sintpkt, dtype: float64 
Example of tcprtt  1     0.0
2     0.0
3     0.0
4     0.0
5     0.0
6     0.0
7     0.0
8     0.0
9     0.0
10    0.0
11    0.0
12    0.0
13    0.0
14    0.0
15    0.0
16    0.0
17    0.0
18    0.0
19    0.0
20    0.0
Name: tcprtt, dtype: float64 
Example of synack 1     0.0
2     0.0
3     0.0
4     0.0
5     0.0
6     0.0
7     0.0
8     0.0
9     0.0
10    0.0
11    0.0
12    0.0
13    0.0
14    0.0
15    0.0
16    0.0
17    0.0
18    0.0
19    0.0
20    0.0
Name: synack, dtype: float64 
Example of ackdat  1     0.0
2     0.0
3     0.0
4     0.0
5     0.0
6     0.0
7     0.0
8     0.0
9     0.0
10    0.0
11    0.0
12    0.0
13    0.0
14    0.0
15    0.0
16    0.0
17    0.0
18    0.0
19    0.0
20    0.0
Name: ackdat, dtype: float64 
